fn tryModify obj mat = (
    try obj.transform = mat catch ()
)
tryModify $Pfeil_Rund01 (matrix3 [0.000001, 0.999756, 0.000001] [-0.999756, -0.000001, -0.000001] [0.000001, 0.000001, 0.999509] [-0.000026, 0.000031, 0.000044])
tryModify $Pfeil_Rund02 (matrix3 [-0.000001, -0.999756, -0.000001] [-0.999756, -0.000001, -0.000001] [-0.000001, -0.000001, -0.999509] [-0.000026, 0.000031, 0.000044])
tryModify $Pfeil_Hoch (matrix3 [-0.000001, -0.999353, -0.000001] [-0.939191, -0.000001, -0.341839] [0.341828, -0.000001, -0.939167] [-9.999988, 0.000002, 11.999990])
tryModify $Tut_Richt_Pfeil01 (matrix3 [0.999947, 0.000001, 0.000001] [0.000001, 0.999949, 0.000001] [0.000001, 0.000001, 0.999950] [0.000003, 3.000000, 0.000003])
tryModify $Tut_Richt_Pfeil02 (matrix3 [-1.000057, -0.000001, -0.000001] [-0.000001, -1.000054, -0.000001] [0.000001, 0.000001, 0.999289] [-0.000003, -3.000000, -0.000003])
tryModify $Tut_Richt_Pfeil03 (matrix3 [0.000001, 1.000030, 0.000001] [-0.939720, -0.000001, -0.342031] [-0.341695, 0.000001, 0.938802] [-3.000000, -0.000003, -1.000003])
tryModify $Tut_Richt_Pfeil04 (matrix3 [-0.000001, -0.999762, -0.000001] [0.765863, 0.000001, 0.642635] [-0.642477, 0.000000, 0.765674] [3.000000, 0.000003, 1.000003])
tryModify $Pfeil_Runter (matrix3 [0.494975, 0.000001, 0.494975] [0.000001, 0.700000, 0.000001] [-0.494975, 0.000001, 0.494975] [-178.708618, -377.939087, 18.915798])
